1.720288659730257574e+00
1.988420756027925229e+00
1.016324094093487229e+00
2.161734393039580926e+00
1.661996667494166857e+00
1.835419783570030994e+00
1.440331143109990775e+00
1.394355810469953383e+00
1.452241918171787161e+00
1.594121459705767130e+00
1.897478027522456534e+00
1.534449730750067076e+00
1.816876761064127432e+00
1.733725479878504672e+00
2.157578389215446979e+00
1.986696251364542753e+00
1.951892085953344402e+00
1.829855300411352692e+00
1.361046656435558777e+00
1.879970144943494681e+00
1.652114597072701585e+00
1.908645333863425497e+00
1.363063285025022164e+00
1.931669124426056872e+00
1.061254955881266948e+00
1.907517059847575247e+00
1.604346135894870962e+00
1.227942328379283854e+00
1.972945761930473330e+00
1.288829043491158677e+00
1.289605248045939900e+00
2.155825312867893473e+00
1.307567854565009569e+00
1.526845681340971428e+00
1.970542668250603979e+00
1.300474602726978679e+00
1.861723155031541177e+00
1.985256926873594452e+00
1.373338507653942830e+00
1.001012473420006543e+00
1.390238839713472840e+00
1.529585814374349706e+00
1.205433684654615201e+00
1.874879007874189263e+00
1.734374587695405090e+00
1.337888121279350750e+00
1.568696238891831962e+00
1.575014752695511611e+00
1.290831913501474526e+00
1.161329711955243482e+00
1.387860886529249438e+00
1.037281424142467712e+00
1.121487894998564938e+00
1.659140646667040198e+00
1.551922065491698532e+00
1.549678465713627329e+00
1.923627254319440372e+00
1.569408005435303677e+00
1.636035414326364901e+00
1.581526543265946216e+00
1.108707101568907172e+00
1.072595266917660828e+00
1.999663271730445224e+00
1.868856644090403751e+00
1.633191116319650860e+00
1.137120851874415361e+00
1.843482644551293292e+00
1.299505989806506001e+00
1.606073077943358962e+00
2.182859434042919489e+00
1.856354570211798283e+00
1.989937149870095068e+00
2.192786961486332231e+00
2.152733376756507333e+00
1.470858120020004156e+00
1.877958429779051031e+00
1.891677275777609246e+00
1.866884881646799554e+00
1.319678926606921543e+00
1.004936589133097691e+00
1.971681225980987495e+00
1.052270413874794253e+00
1.093720617308151732e+00
1.161449618887978819e+00
1.563853245887739440e+00
1.576974934038946508e+00
1.504302371587023845e+00
1.701244473279416525e+00
1.710762383056718905e+00
2.199633592822264561e+00
1.211188653639160506e+00
2.041738981591399771e+00
1.490070743015652122e+00
1.148747290067914761e+00
1.665610559005342273e+00
1.305925423656487450e+00
2.161880933941554339e+00
1.735387774564784991e+00
1.465636599743947555e+00
1.947442254480422630e+00
