2.084767959897320999e+00
2.265438830962900330e+00
2.046084988557482109e+00
1.920100289278427130e+00
1.758669930422243954e+00
2.174839558058346167e+00
2.376293323121354550e+00
1.760822938490631984e+00
1.636055918742053361e+00
1.821923062502929680e+00
1.994356097799103056e+00
2.204373702107383703e+00
2.285341620841293775e+00
2.332855202105585501e+00
1.752738689373898984e+00
1.862690541352252760e+00
2.166744274361862121e+00
2.014762578860928688e+00
1.777594654909870453e+00
1.942322755875272478e+00
1.947773979435493130e+00
1.610848235686911378e+00
1.859573085319745633e+00
2.300062999471104597e+00
1.991786808761199623e+00
2.070682713023071386e+00
2.228138628285819767e+00
1.798060730449841493e+00
2.097750129003569608e+00
1.920397791618579486e+00
1.975984452984973272e+00
2.021284448741750062e+00
2.366481815726814819e+00
1.938232859639807737e+00
2.129408342058069614e+00
1.878708885335309553e+00
2.242312940117822784e+00
2.205836515284915755e+00
1.902741317246800845e+00
2.197754740371672622e+00
1.764553188755614510e+00
1.880113083445003941e+00
2.172968752407154369e+00
1.816310321318219012e+00
2.034668529248155000e+00
1.823872012426240863e+00
1.730382164061550654e+00
1.973504659213749957e+00
2.020151549975539140e+00
1.904264147425225762e+00
2.258739414284706370e+00
2.310760211786023977e+00
2.196748994341775063e+00
1.774484390355071328e+00
1.452392565392738089e+00
2.559492258505420281e+00
1.730285629492332333e+00
2.129305128491361998e+00
2.273802276239785147e+00
2.178235421062369337e+00
2.056528935397203828e+00
2.156134650385160167e+00
2.352344571802217565e+00
1.613766234247770770e+00
2.048426141136907574e+00
1.649570267057710149e+00
1.944182656733149273e+00
1.980843244139648629e+00
1.734175707622251483e+00
1.774901254901687819e+00
2.251917594352633945e+00
2.097490321200194074e+00
1.685934523889930148e+00
1.476248791801230364e+00
1.722540078912721651e+00
1.933146698553482423e+00
1.474025000829485954e+00
1.923835261860352253e+00
2.069239380737112999e+00
2.005550822969579539e+00
2.153810541594199712e+00
2.129983281764700642e+00
2.288703252718768510e+00
1.901029970385208934e+00
2.217596045705521490e+00
1.761674564770300266e+00
2.010849747652104558e+00
1.965621041774749056e+00
1.944776980221142093e+00
2.178298655838544207e+00
1.964995976671573663e+00
1.893921366267488748e+00
2.156915438537672536e+00
2.344233049823601256e+00
2.025659158463160470e+00
1.875868505625757576e+00
2.429147532468081572e+00
1.758514740006891008e+00
2.040021692872203030e+00
2.073506926073922507e+00
